M-1*	38.11	9.13	61.05	58.33	1
M-10	14.32	13.26	15.73	29.5	2
M-100	1434.69	1099.3	1900.7	2029.2	3
M-101	28.37	14.73	32.32	33.76	4
M-102	1018.57	77.69	644.47	1791.06	5
M-103	12.72	1.21	12.86	88.5	6
M-11	905.87	286.76	1341.87	1402.3	7
M-13a	845.35	372.24	1159.29	1625.81	8
M-13b	16.63	10.05	31.65	563.41	9
M-14	826.27	551.13	539.85	686.36	10
M-15	965.9	68.3	354.54	1241.5	11
M-16	55.17	40.13	77.69	603.07	12
M-17	498.28	30.93	52.78	1093.06	13
M-18	11.22	13.69	12.58	15.04	14
M-19	9.18	28.17	24.6	59.54	15
M-2	212.96	2.26	351.79	1646.37	16
M-20	59.4	1784.31	22.36	1301.29	17
M-21	1814.44	1090.85	1403.6	1455.67	18
M-22	4.25	1902.21	31.93	22.5	19
M-23	728.64	1166.94	896	725.02	20
M-24	747.15	51.79	1360.22	994.48	21
M-25	39.44	25.28	11.53	1321.13	22
M-26	15.72	79.76	63.08	621.53	23
M-27	894.26	1534.9	650.3	233.25	24
M-28	25.63	2141.84	51.81	9.46	25
M-29	10.89	35.75	32.92	16.02	26
M-3	16.05	5.35	10.1	960.94	27
M-30	7.9	1747.95	336.92	25	28
M-31	591.06	288.26	665.46	1486.62	29
M-32	11.38	56.69	182.8	29.69	30
M-33	1313.36	686.17	660.87	1412.56	31
M-35	12.78	88.7	25.95	15.1	32
M-36	13.39	46.59	375.79	1306.32	33
M-37	15.21	45.26	672.62	235.23	34
M-38	9.74	11.92	36.03	21.05	35
M-39	87.36	957.7	236.65	2010.28	36
M-41	1.07	11.12	15.72	25.84	37
M-42	19.38	14.83	29.84	33.18	38
M-43	17.3	9.71	16.59	31.62	39
M-44	7.78	5.61	7.12	7.05	40
M-45	11.53	12.78	13.76	31.62	41
M-46a	1259.74	439.91	820.56	900.56	42
M-46b	15.59	11.57	15.99	1648.94	43
M-47	668.6	222.65	761.74	1204.56	44
M-48	11.16	14.69	17.19	19.3	45
M-49	15.73	6.86	16.45	854.36	46
M-5	34.85	16.87	41.17	96.28	47
M-50	12.72	1.21	12.86	1572.6	48
M-51	20.71	59.92	26.29	1367.04	49
M-52	39.86	13.36	30.75	23.12	50
M-53	15.05	213.76	1008.95	1077.34	51
M-54	1216.62	725.49	881.17	2307.53	52
M-55	18.36	41.09	58.67	75.6	53
M-56	12.58	32.91	24.82	27.51	54
M-57	13.34	35.87	32.65	34.41	55
M-58	31.83	21.19	38.23	34	56
M-61	31.62	17.44	30.4	2147.99	57
M-62	15.45	19.58	14.24	11.98	58
M-64	1190.58	232.76	408.15	1676.46	59
M-65	184.61	76.55	1137.59	1711.19	60
M-66	16.79	21.24	15.86	31.62	61
M-67	2.78	15.04	11.7	32.7	62
M-7	1260.91	1317.19	1662.49	1753.99	63
M-70	572.48	1511.92	1033.01	1848.54	64
M-71	1047.45	1373.27	773.17	1646.37	65
M-72	740.53	431.5	615.36	1507.51	66
M-74	316.9	1117.73	1445.28	1034.09	67
M-75	919.6	161.89	389.19	675.72	68
M-77	1318.61	447.02	485.79	622.03	69
M-78	246.28	301.45	1446.44	1468.58	70
M-79	1226.67	71.9	840.44	3019.98	71
M-80	17.79	31.62	45.68	61.62	72
M-81	1708.75	969.9	1253.88	1330.56	73
M-82	1302.13	744.51	693.72	1212.76	74
M-83	12.05	24.75	13.94	31.62	75
M-85	20.87	18.2	17.69	13.56	76
M-86	212.34	53.18	468.64	1523.4	77
M-87	985.84	65.79	728.18	1239.4	78
M-88	17.79	10.51	32.81	244.29	79
M-89	33.01	28.54	32.25	582.5	80
M-90	197.27	171.16	118.36	567.66	81
M-91a	59.19	19.02	80.53	637.29	82
M-91b	6.35	0.566	3.58	31.64	83
M-92	813.92	27.9	635.3	1735.94	84
M-93	256.77	281.83	1137.19	1215.2	85
M-95a	29.43	40.01	45.94	20.03	86
M-95c	831.78	655.56	575.74	1365.68	87
M-96a	604.23	66.46	663.08	1936.19	88
M-96b	1127.33	589.77	781.87	1178.1	89
M-97	11.23	10	11.98	31.62	90
M-98	1815.6	301.71	1141.77	1322.36	91
XL-5	20.69	10.29	15.25	55.26	92
XL-6	1565.14	1252.55	1170.99	1820.19	93
